#OTU_ID	1.fasta	2.fasta	3.fasta	4.fasta	5.fasta	6.fasta	7.fasta	8.fasta	9.fasta	10.fasta	11.fasta	12.fasta	13.fasta	14.fasta	15.fasta	16.fasta
Acidobacteriaceae_unclassified	0	0	0	0	0	0	117.0	0	0	799.0	248.0	0	0	0	0	0
Granulicella	0	0	0	0	0	0	740.0	0	0	0	740.0	0	0	0	0	0
Actinobaculum	0	0	0	0	2311.0	0	787.0	3744.0	0	3744.0	3034.0	0	0	14586.0	5298.0	0
Mobiluncus	0	0	0	0	236.0	0	79.0	158.0	81.0	80.0	80.0	0	0	82.0	0	0
Brevibacterium	0	0	0	0	0	0	2360.0	0	0	1180.0	1180.0	0	0	0	3539.0	0
Dermabacteraceae_unclassified	0	0	0	0	0	0	0	0	0	0	829.0	0	0	0	1658.0	0
Dermatophilaceae_unclassified	0	0	0	0	0	0	0	0	0	1314.0	1314.0	1314.0	0	0	0	0
Leifsonia	0	0	0	0	0	0	0	0	0	0	1150.0	0	544.0	0	0	0
Propionibacteriaceae_unclassified	0	0	0	0	0	0	0	0	922.0	0	922.0	0	922.0	0	0	605.0
Marinilabiliaceae_unclassified	0	0	0	0	0	0	0	0	0	653.0	188.0	0	0	0	0	0
Dysgonomonas	0	0	0	0	2242.0	129.0	301.0	436.0	907.0	1336.0	1731.0	0	253.0	3406.0	206.0	127.0
Parabacteroides	0	0	0	0	3759.0	409.0	3292.0	2686.0	630.0	3919.0	3923.0	633.0	217.0	2552.0	0	0
Porphyromonas	0	0	0	0	0	0	0	0	0	0	0	215.0	0	0	21.0	1608.0
Cellulophaga	0	0	0	0	1995.0	0	0	0	0	997.0	997.0	0	997.0	1995.0	997.0	0
Gillisia	0	0	0	0	224.0	0	0	0	463.0	1616.0	0	0	937.0	0	1457.0	0
Myroides	0	0	0	0	0	0	185.0	0	0	0	1388.0	0	797.0	0	453.0	0
Riemerella	0	0	0	0	0	0	0	0	821.0	422.0	2240.0	0	0	821.0	2111.0	0
Pedobacter	0	0	0	0	0	0	0	1133.0	1077.0	0	2232.0	0	0	0	0	0
Sphingobacterium	0	0	0	0	676.0	0	1017.0	0	0	0	339.0	0	347.0	1014.0	0	0
Deinococcus	0	0	0	0	0	1052.0	526.0	0	0	1577.0	526.0	0	0	0	0	0
Planococcus	0	0	0	0	0	0	0	0	0	0	0	0	274.0	0	667.0	0
Enterococcus	221.0	55201.0	0	0	0	0	0	29.0	0	0	0	0	0	0	0	0
Clostridium	2130.0	0	229976.0	86.0	0	0	0	1195.0	0	0	0	1197.0	2766.0	0	0	0
Peptostreptococcaceae_noname	1315.0	0	92026.0	0	9203.0	1315.0	0	1315.0	0	0	2629.0	2629.0	2629.0	11832.0	0	0
Anaerotruncus	0	0	0	0	0	0	0	0	0	0	1181.0	624.0	0	0	0	0
Subdoligranulum	0	0	0	0	0	0	373.0	373.0	0	0	0	0	0	373.0	1866.0	0
Megasphaera	0	0	0	0	1450.0	0	725.0	725.0	0	0	0	0	0	0	0	0
Mitsuokella	0	0	0	0	0	0	0	0	0	0	0	0	0	503.0	503.0	0
Leptotrichiaceae_unclassified	228.0	0	50250.0	0	0	0	245.0	695.0	0	463.0	918.0	0	0	0	0	0
Bartonella	0	0	0	0	794.0	0	794.0	0	0	0	0	0	794.0	0	0	794.0
Paracoccus	0	0	0	0	0	0	0	0	0	153.0	1043.0	0	0	0	147.0	0
Rhodobacteraceae_noname	0	0	0	0	0	0	0	0	730.0	730.0	0	0	0	0	0	0
Pusillimonas	0	0	0	0	0	0	1241.0	0	0	0	1241.0	0	0	0	0	0
Thiomonas	0	0	0	0	0	0	0	1252.0	0	1252.0	2504.0	1252.0	0	0	0	0
Comamonas	0	0	0	0	0	0	0	0	0	899.0	1798.0	0	899.0	0	0	0
Limnohabitans	0	0	0	0	0	0	0	0	0	679.0	1641.0	491.0	0	0	0	0
Polaromonas	0	0	0	0	0	0	0	0	0	1462.0	5527.0	885.0	0	0	0	0
Variovorax	0	0	0	0	0	0	0	0	0	450.0	1319.0	0	0	0	0	0
Hydrogenophilaceae_unclassified	0	0	0	0	0	0	0	0	0	2528.0	4801.0	312.0	0	0	0	0
Thiobacillus	0	0	0	0	0	0	0	0	0	216.0	576.0	216.0	0	0	0	0
Kingella	176.0	0	0	0	0	347.0	0	187.0	0	0	321.0	0	291.0	0	0	0
Neisseria	0	0	0	0	580.0	1152.0	390.0	2318.0	0	402.0	570.0	0	375.0	0	390.0	0
Thauera	0	0	0	0	0	0	0	0	0	3102.0	3105.0	0	0	0	0	0
Marinobacter	0	0	0	0	0	0	0	0	1444.0	10866.0	13465.0	0	0	0	0	0
Spiribacter	0	0	0	0	0	0	0	0	0	578.0	578.0	0	0	0	0	0
Escherichia	4871219.0	5464541.0	8267.0	48331.0	12389.0	25437.0	31009.0	121462.0	1908.0	1272.0	4452.0	0	636.0	0	636.0	0
Pantoea	98026.0	142955.0	0	0	1361.0	0	0	0	0	0	0	0	0	0	0	0
Yersinia	7818.0	11610.0	0	0	0	0	0	0	0	0	0	0	0	0	0	0
Halomonas	0	0	0	0	1968.0	1968.0	5905.0	0	0	5905.0	0	0	0	0	0	0
Actinobacillus	0	0	24195.0	0	0	0	0	2007.0	0	374.0	1830.0	0	0	0	0	0
Acinetobacter	539.0	0	0	0	0	0	0	0	1023.0	0	1715.0	0	1709.0	0	0	0
Psychrobacter	251.0	0	0	0	0	0	0	0	839.0	406.0	2046.0	0	1282.0	0	167.0	0
Pseudomonas	0	0	0	0	0	0	0	0	0	11881.0	26732.0	2970.0	2970.0	0	0	0
Photobacterium	1304.0	1304.0	4345219.0	13926.0	3089.0	9449.0	19856.0	57838.0	0	0	0	0	0	0	0	0
Rhodanobacter	0	0	0	0	0	264.0	0	0	0	423.0	2068.0	0	0	0	0	0
Stenotrophomonas	0	1715.0	0	0	0	0	0	0	0	0	0	0	2898.0	325.0	0	110.0
Thermodesulfobacterium	0	0	0	0	1109.0	111.0	0	0	0	0	0	0	222.0	222.0	0	0
Eimeria	0	0	0	9.0	0	0	0	0	78.0	0	0	129.0	19.0	0	0	69.0
Gammaretrovirus	2.0	0	0	30.0	0	18.0	9.0	30.0	9.0	16.0	5.0	11.0	18.0	9.0	18.0	32.0

